MSE = 0.0587365 
mse_standard_deviation = 0.0089739
BER = 0.0364746 
ber_standard_deviation = 0.0119522
