MSE = 0.0288284 
mse_standard_deviation = 0.00434014
BER = 0.00795898 
ber_standard_deviation = 0.0034779
