MSE = 0.570562 
mse_standard_deviation = 0.00390223
BER = 0.0684245 
ber_standard_deviation = 0.0483842
