MSE = 0.133868 
mse_standard_deviation = 0.00667355
BER = 0.0184245 
ber_standard_deviation = 0.00428692
