MSE = 0.0650958 
mse_standard_deviation = 0.0106633
BER = 0.0431396 
ber_standard_deviation = 0.00863018
