MSE = 0.151915 
mse_standard_deviation = 0.018177
BER = 0.144458 
ber_standard_deviation = 0.0200443
