MSE = 0.104132 
mse_standard_deviation = 0.0162927
BER = 0.0827148 
ber_standard_deviation = 0.0163186
