MSE = 0.0280904 
mse_standard_deviation = 0.00636499
BER = 0.00808105 
ber_standard_deviation = 0.00473469
