MSE = 0.0396021 
mse_standard_deviation = 0.00599909
BER = 0.0181641 
ber_standard_deviation = 0.00773172
