MSE = 0.231944 
mse_standard_deviation = 0.00519556
BER = 2.27865e-05 
ber_standard_deviation = 8.68422e-05
