MSE = 0.122212 
mse_standard_deviation = 0.00397095
BER = 0.0106445 
ber_standard_deviation = 0.00231224
