MSE = 0.908205 
mse_standard_deviation = 0.00738546
BER = 0.0833333 
ber_standard_deviation = 0.119477
