MSE = 0.0862079 
mse_standard_deviation = 0.00179684
BER = 0.0026888 
ber_standard_deviation = 0.000739731
