MSE = 0.795104 
mse_standard_deviation = 0.0137498
BER = 0.930415 
ber_standard_deviation = 0.00855932
