MSE = 0.123053 
mse_standard_deviation = 0.00378046
BER = 0.0109701 
ber_standard_deviation = 0.00228592
