MSE = 0.0612287 
mse_standard_deviation = 0.00137582
BER = 0.000924479 
ber_standard_deviation = 0.000401942
