MSE = 0.100505 
mse_standard_deviation = 0.00230345
BER = 0.00487142 
ber_standard_deviation = 0.00105791
