MSE = 0.0680904 
mse_standard_deviation = 0.00149579
BER = 0.0011556 
ber_standard_deviation = 0.000503392
