MSE = 0.0757572 
mse_standard_deviation = 0.00151332
BER = 0.00162435 
ber_standard_deviation = 0.000572756
