MSE = 0.166303 
mse_standard_deviation = 0.00727679
BER = 0.030957 
ber_standard_deviation = 0.00547274
