MSE = 0.440635 
mse_standard_deviation = 0.0245581
BER = 0.211589 
ber_standard_deviation = 0.0147474
