MSE = 0.655324 
mse_standard_deviation = 0.0174049
BER = 0.561976 
ber_standard_deviation = 0.0177255
