MSE = 0.12053 
mse_standard_deviation = 0.00692048
BER = 0.00416667 
ber_standard_deviation = 0.00519675
