MSE = 0.0840711 
mse_standard_deviation = 0.00699038
BER = 0.005 
ber_standard_deviation = 0.0041921
