MSE = 0.0604838 
mse_standard_deviation = 0.00414821
BER = 0 
ber_standard_deviation = 0.00187789
