MSE = 0.493994 
mse_standard_deviation = 0.00973911
BER = 0.183838 
ber_standard_deviation = 0.194069
