MSE = 0.202702 
mse_standard_deviation = 0.00929746
BER = 0.128467 
ber_standard_deviation = 0.135543
