MSE = 0.630434 
mse_standard_deviation = 0.00975364
BER = 0.474251 
ber_standard_deviation = 0.0097148
