MSE = 0.449449 
mse_standard_deviation = 0.0108009
BER = 0.453766 
ber_standard_deviation = 0.00592976
