MSE = 0.629294 
mse_standard_deviation = 0.00879821
BER = 0.520133 
ber_standard_deviation = 0.00847051
