MSE = 0.0334629 
mse_standard_deviation = 0.00476367
BER = 0.015625 
ber_standard_deviation = 0.00562878
