MSE = 0.106164 
mse_standard_deviation = 0.0113002
BER = 0.0896973 
ber_standard_deviation = 0.0112412
