MSE = 0.0692353 
mse_standard_deviation = 0.00869565
BER = 0.048584 
ber_standard_deviation = 0.00987286
