MSE = 0.142723 
mse_standard_deviation = 0.0119857
BER = 0.136279 
ber_standard_deviation = 0.0154527
