MSE = 0.049346 
mse_standard_deviation = 0.00672928
BER = 0.0293213 
ber_standard_deviation = 0.00567384
