MSE = 0.051975 
mse_standard_deviation = 0.001265
BER = 0.00392442 
ber_standard_deviation = 0.00419979
