MSE = 0.350907 
mse_standard_deviation = 0.0207325
BER = 0.0783203 
ber_standard_deviation = 0.0843457
