MSE = 0.637232 
mse_standard_deviation = 0.00964251
BER = 0.531559 
ber_standard_deviation = 0.015658
