MSE = 0.223342 
mse_standard_deviation = 0.0121153
BER = 0.00015625 
ber_standard_deviation = 0.000494106
