MSE = 0.20161 
mse_standard_deviation = 0.0107583
BER = 0.0602767 
ber_standard_deviation = 0.00840641
