MSE = 0.026018 
mse_standard_deviation = 0.000319072
BER = 0.00123101 
ber_standard_deviation = 0.00130535
