MSE = 0.0258806 
mse_standard_deviation = 0.000275227
BER = 0.500111 
ber_standard_deviation = 0.00235333
