MSE = 0.327177 
mse_standard_deviation = 0.0123534
BER = 0.201165 
ber_standard_deviation = 0.0118861
