MSE = 0.520707 
mse_standard_deviation = 0.00316983
BER = 0.0688477 
ber_standard_deviation = 0.0486832
