MSE = 0.631655 
mse_standard_deviation = 0.00646141
BER = 0.198177 
ber_standard_deviation = 0.00750198
