MSE = 0.637344 
mse_standard_deviation = 0.0108037
BER = 0.522412 
ber_standard_deviation = 0.0115757
