MSE = 0.128874 
mse_standard_deviation = 0.00473371
BER = 0.0100424 
ber_standard_deviation = 0.000707311
