MSE = 0.026165 
mse_standard_deviation = 0.000295
BER = 0.001173 
mse_standard_deviation = 0.000189
