MSE = 0.013154 
mse_standard_deviation = 0.000148
BER = 0.000016 
mse_standard_deviation = 0.000018
