MSE = 0.045003 
mse_standard_deviation = 0.000486
BER = 0.010307 
mse_standard_deviation = 0.000541
