MSE = 0.020143 
mse_standard_deviation = 0.00123074
BER = 0 
ber_standard_deviation = 0.00349578
