MSE = 0.121527 
mse_standard_deviation = 0.00260279
BER = 0.0115234 
ber_standard_deviation = 0.00123907
