MSE = 0.634908 
mse_standard_deviation = 0.0077004
BER = 0.52277 
ber_standard_deviation = 0.0145098
