MSE = 0.262621 
mse_standard_deviation = 0.0240879
BER = 0.527962 
ber_standard_deviation = 0.191969
