MSE = 0.25398 
mse_standard_deviation = 0.0303498
BER = 0.0891439 
ber_standard_deviation = 0.0170363
