MSE = 0.129047 
mse_standard_deviation = 0.00287836
BER = 0.0115469 
ber_standard_deviation = 0.000788694
