MSE = 0.146027 
mse_standard_deviation = 0.0157176
BER = 0.0282064 
ber_standard_deviation = 0.0102996
