MSE = 0.33478 
mse_standard_deviation = 0.0216891
BER = 0.0274902 
ber_standard_deviation = 0.0300713
