MSE = 0.0270808 
mse_standard_deviation = 0.000286663
BER = 0 
ber_standard_deviation = 0
