MSE = 0.300097 
mse_standard_deviation = 0.0149799
BER = 0.0147493 
ber_standard_deviation = 0.00506017
