MSE = 0.349034 
mse_standard_deviation = 0.0124985
BER = 0.140104 
ber_standard_deviation = 0.148489
