MSE = 0.252012 
mse_standard_deviation = 0.0157642
BER = 0.108239 
ber_standard_deviation = 0.0167158
