MSE = 0.12115 
mse_standard_deviation = 0.0039371
BER = 0.0104883 
ber_standard_deviation = 0.00222369
