MSE = 0.44271 
mse_standard_deviation = 0.00456937
BER = 0.0189866 
ber_standard_deviation = 0.00126817
