MSE = 0.372657 
mse_standard_deviation = 0.00326635
BER = 0.225426 
ber_standard_deviation = 0.00330389
