MSE = 0.342377 
mse_standard_deviation = 0.0206826
BER = 0.222187 
ber_standard_deviation = 0.00808125
