MSE = 0.444642 
mse_standard_deviation = 0.0343305
BER = 0.254489 
ber_standard_deviation = 0.00891136
