MSE = 0.326602 
mse_standard_deviation = 0.00870958
BER = 0.211364 
ber_standard_deviation = 0.00940294
