MSE = 0.495803 
mse_standard_deviation = 0.0202326
BER = 0.282585 
ber_standard_deviation = 0.0075995
