MSE = 0.407005 
mse_standard_deviation = 0.0235293
BER = 0.236875 
ber_standard_deviation = 0.0119987
