MSE = 0.582063 
mse_standard_deviation = 0.0175758
BER = 0.360483 
ber_standard_deviation = 0.0151228
