MSE = 0.125056 
mse_standard_deviation = 0.00331295
BER = 0.0127116 
ber_standard_deviation = 0.0013497
