MSE = 0.0565351 
mse_standard_deviation = 0.00251924
BER = 0.0515527 
ber_standard_deviation = 0.00201598
