MSE = 0.244169 
mse_standard_deviation = 0.0146846
BER = 0.0347168 
ber_standard_deviation = 0.0105134
