MSE = 0.632316 
mse_standard_deviation = 0.0113219
BER = 0.16403 
ber_standard_deviation = 0.00667992
