MSE = 0.939389 
mse_standard_deviation = 0.000124187
BER = 0.0833333 
ber_standard_deviation = 0.0658808
