MSE = 0.0262614 
mse_standard_deviation = 0.000395923
BER = 0.498965 
ber_standard_deviation = 0.525959
