MSE = 0.0260507 
mse_standard_deviation = 0.000217105
BER = 0.499863 
ber_standard_deviation = 0.52691
