MSE = 0.0266356 
mse_standard_deviation = 0.00022316
BER = 0.499548 
ber_standard_deviation = 0.526574
