MSE = 0.101908 
mse_standard_deviation = 0.00321327
BER = 0.106538 
ber_standard_deviation = 0.00329812
