MSE = 0.635379 
mse_standard_deviation = 0.0078023
BER = 0.529525 
ber_standard_deviation = 0.0114646
