MSE = 0.0847701 
mse_standard_deviation = 0.00282744
BER = 0.00244866 
ber_standard_deviation = 0.00026117
