MSE = 0.0856004 
mse_standard_deviation = 0.00408402
BER = 0.00220759 
ber_standard_deviation = 0.000356437
