MSE = 0.0582015 
mse_standard_deviation = 0.00125983
BER = 0.0523478 
ber_standard_deviation = 0.0740395
