MSE = 0.122779 
mse_standard_deviation = 0.00350019
BER = 0.01014 
ber_standard_deviation = 0.00212636
