MSE = 0.0665672 
mse_standard_deviation = 0.00238326
BER = 0 
ber_standard_deviation = 0.00716514
