MSE = 0.396424 
mse_standard_deviation = 0.0985879
BER = 0 
ber_standard_deviation = 0.448495
