MSE = 0.0849736 
mse_standard_deviation = 0.0251548
BER = 0 
ber_standard_deviation = 0.050532
