MSE = 0.4087 
mse_standard_deviation = 0.0858481
BER = 0 
ber_standard_deviation = 0.424872
