MSE = 0.42707 
mse_standard_deviation = 0.0724693
BER = 0 
ber_standard_deviation = 0.339787
