MSE = 0.357195 
mse_standard_deviation = 0.0454123
BER = 0 
ber_standard_deviation = 0.253331
