MSE = 0.118252 
mse_standard_deviation = 0.00298767
BER = 0 
ber_standard_deviation = 0.00720894
