MSE = 0.638341 
mse_standard_deviation = 0.00941365
BER = 0.533545 
ber_standard_deviation = 0.0121614
