MSE = 0.130669 
mse_standard_deviation = 0.00253438
BER = 0.0059082 
ber_standard_deviation = 0.00633849
