MSE = 0.132954 
mse_standard_deviation = 0.00800903
BER = 0.0167969 
ber_standard_deviation = 0.00536413
