MSE = 0.131715 
mse_standard_deviation = 0.00368222
BER = 0.0162272 
ber_standard_deviation = 0.0016617
