MSE = 0.746034 
mse_standard_deviation = 0.0127085
BER = 0.722819 
ber_standard_deviation = 0.761935
