MSE = 0.60102 
mse_standard_deviation = 0.00656475
BER = 0.524707 
ber_standard_deviation = 0.553369
