MSE = 0.0846409 
mse_standard_deviation = 0.00278431
BER = 0.00264955 
ber_standard_deviation = 0.000435894
