MSE = 0.129608 
mse_standard_deviation = 0.00745249
BER = 0.0154134 
ber_standard_deviation = 0.00400378
