MSE = 0.290579 
mse_standard_deviation = 0.0201272
BER = 0.138656 
ber_standard_deviation = 0.0192214
