MSE = 0.112046 
mse_standard_deviation = 0.0046037
BER = 0.0535156 
ber_standard_deviation = 0.056799
