MSE = 0.0185511 
mse_standard_deviation = 0.000196721
BER = 0.000189286 
ber_standard_deviation = 6.56981e-05
