MSE = 0.0137203 
mse_standard_deviation = 0.000144908
BER = 1.96429e-05 
ber_standard_deviation = 1.83957e-05
