MSE = 0.0447127 
mse_standard_deviation = 0.000544338
BER = 0.0104192 
ber_standard_deviation = 0.000611402
