MSE = 0.0144723 
mse_standard_deviation = 0.000151985
BER = 3.34821e-05 
ber_standard_deviation = 2.02932e-05
