MSE = 0.0235705 
mse_standard_deviation = 0.000256832
BER = 0.000706696 
ber_standard_deviation = 0.000128394
