MSE = 0.105332 
mse_standard_deviation = 0.001557
BER = 0.060766 
mse_standard_deviation = 0.001188
