MSE = 0.0199619 
mse_standard_deviation = 0.00021397
BER = 0.000279018 
ber_standard_deviation = 9.07821e-05
