MSE = 0.0376657 
mse_standard_deviation = 0.000442624
BER = 0.00590536 
ber_standard_deviation = 0.000416307
