MSE = 0.013042 
mse_standard_deviation = 0.000138
BER = 0.000011 
mse_standard_deviation = 0.000014
