MSE = 0.0326494 
mse_standard_deviation = 0.000374706
BER = 0.00336473 
ber_standard_deviation = 0.000283597
