MSE = 0.0553352 
mse_standard_deviation = 0.000704595
BER = 0.0184295 
ber_standard_deviation = 0.000781982
