MSE = 0.0162566 
mse_standard_deviation = 0.000171336
BER = 7.5e-05 
ber_standard_deviation = 3.68466e-05
