MSE = 0.0727801 
mse_standard_deviation = 0.00100258
BER = 0.0332915 
ber_standard_deviation = 0.00101237
