MSE = 0.025941 
mse_standard_deviation = 0.000286
BER = 0.001163 
mse_standard_deviation = 0.000176
