MSE = 0.0153129 
mse_standard_deviation = 0.000161421
BER = 4.73214e-05 
ber_standard_deviation = 3.20912e-05
