MSE = 0.0173254 
mse_standard_deviation = 0.000183303
BER = 0.000114286 
ber_standard_deviation = 5.67996e-05
