MSE = 0.021612 
mse_standard_deviation = 0.000232615
BER = 0.000452679 
ber_standard_deviation = 0.000118804
