MSE = 0.0288837 
mse_standard_deviation = 0.000325438
BER = 0.0019692 
ber_standard_deviation = 0.000199052
