MSE = 0.634653 
mse_standard_deviation = 0.0107295
BER = 0.521663 
ber_standard_deviation = 0.0116852
