MSE = 0.125107 
mse_standard_deviation = 0.00342125
BER = 0.0120931 
ber_standard_deviation = 0.00235946
