MSE = 0.636916 
mse_standard_deviation = 0.00958035
BER = 0.0626172 
ber_standard_deviation = 0.000931116
