MSE = 0.636792 
mse_standard_deviation = 0.00827339
BER = 0.529297 
ber_standard_deviation = 0.0147182
