MSE = 0.810529 
mse_standard_deviation = 0.00795297
BER = 0.190072 
ber_standard_deviation = 0.00553322
