MSE = 0.120033 
mse_standard_deviation = 0.00233343
BER = 0.01014 
ber_standard_deviation = 0.000958461
