MSE = 0.63302 
mse_standard_deviation = 0.00757109
BER = 0.514453 
ber_standard_deviation = 0.0102195
