MSE = 0.148136 
mse_standard_deviation = 0.0114493
BER = 0.146558 
ber_standard_deviation = 0.0155711
