MSE = 0.0595486 
mse_standard_deviation = 0.0136811
BER = 0.0412842 
ber_standard_deviation = 0.0146861
