MSE = 0.037257 
mse_standard_deviation = 0.00440937
BER = 0.0175781 
ber_standard_deviation = 0.00424115
