MSE = 0.0977105 
mse_standard_deviation = 0.01706
BER = 0.0850098 
ber_standard_deviation = 0.0209161
