MSE = 0.0274425 
mse_standard_deviation = 0.00496343
BER = 0.00725098 
ber_standard_deviation = 0.00384482
