MSE = 0.285913 
mse_standard_deviation = 0.00577274
BER = 0.0501302 
ber_standard_deviation = 0.0708948
