MSE = 0.0907114 
mse_standard_deviation = 0.00402663
BER = 0.00263393 
ber_standard_deviation = 0.0006513
