MSE = 0.326637 
mse_standard_deviation = 0.0640197
BER = 0.0169173 
ber_standard_deviation = 0.0119984
