MSE = 0.249327 
mse_standard_deviation = 0.0252851
BER = 0.0864583 
ber_standard_deviation = 0.0116792
