MSE = 0.635273 
mse_standard_deviation = 0.0111335
BER = 0.52207 
ber_standard_deviation = 0.0129388
