MSE = 0.299689 
mse_standard_deviation = 0.0219061
BER = 0.0697591 
ber_standard_deviation = 0.0103986
