MSE = 0.0844593 
mse_standard_deviation = 0.00308504
BER = 0.00214063 
ber_standard_deviation = 0.000273269
