MSE = 0.207438 
mse_standard_deviation = 0.00352668
BER = 0 
ber_standard_deviation = 0.010349
