MSE = 0.414201 
mse_standard_deviation = 0.0637117
BER = 0 
ber_standard_deviation = 0.387782
