MSE = 0.134665 
mse_standard_deviation = 0.00369935
BER = 0.018278 
ber_standard_deviation = 0.00331351
