MSE = 0.251379 
mse_standard_deviation = 0.0333272
BER = 0.0867839 
ber_standard_deviation = 0.0170089
