MSE = 0.123701 
mse_standard_deviation = 0.00661855
BER = 0.0113607 
ber_standard_deviation = 0.00415654
