MSE = 0.128342 
mse_standard_deviation = 0.00154733
BER = 0.00983036 
ber_standard_deviation = 0.000843449
