MSE = 0.191621 
mse_standard_deviation = 0.00506847
BER = 0.0731071 
ber_standard_deviation = 0.00758991
