MSE = 0.0903521 
mse_standard_deviation = 0.00266214
BER = 0.00308929 
ber_standard_deviation = 0.0006995
