MSE = 0.122388 
mse_standard_deviation = 0.00288225
BER = 0.0118978 
ber_standard_deviation = 0.00146675
