MSE = 0.126432 
mse_standard_deviation = 0.00213876
BER = 0.00984152 
ber_standard_deviation = 0.0005122
