MSE = 0.895437 
mse_standard_deviation = 0.0242517
BER = 0.875 
ber_standard_deviation = 0.197642
